1 4.000000  0.113191  0.004514  0.845383  0.020983  0.202374  0.053068  0.052408  0.051486  0.051385  0.049973  
2 5.000000  0.077030  0.004064  0.722313  0.022406  0.206202  0.054031  0.053117  0.052258  0.051490  0.050742  
3 6.000000  0.062030  0.004116  0.670163  0.024804  0.222769  0.058265  0.057159  0.056100  0.055106  0.054207  
4 7.000000  0.053290  0.004280  0.640588  0.027505  0.242534  0.063320  0.061995  0.060711  0.059485  0.058331  
5 8.000000  0.047393  0.004486  0.621585  0.030329  0.263431  0.068657  0.067092  0.065563  0.064081  0.062641  
6 9.000000  0.043069  0.004709  0.608480  0.033208  0.284727  0.074084  0.072262  0.070470  0.068713  0.066973  
7 10.000000  0.039722  0.004939  0.599000  0.036109  0.306084  0.079513  0.077421  0.075350  0.073304  0.071253  
8 11.000000  0.037032  0.005170  0.591886  0.039012  0.327317  0.084899  0.082523  0.080163  0.077815  0.075448  
9 12.000000  0.034809  0.005399  0.586376  0.041904  0.348312  0.090211  0.087544  0.084884  0.082226  0.079537  
10 13.000000  0.032932  0.005625  0.581979  0.044773  0.368991  0.095432  0.092465  0.089498  0.086525  0.083511  
11 14.000000  0.031319  0.005845  0.578362  0.047612  0.389299  0.100547  0.097275  0.093996  0.090703  0.087362  
12 15.000000  0.029914  0.006060  0.575295  0.050414  0.409192  0.105548  0.101967  0.098372  0.094756  0.091087  
13 16.000000  0.028676  0.006269  0.572613  0.053173  0.428640  0.110427  0.106534  0.102622  0.098682  0.094685  
14 17.000000  0.027574  0.006470  0.570197  0.055884  0.447617  0.115180  0.110973  0.106742  0.102479  0.098155  
15 18.000000  0.026586  0.006665  0.567960  0.058544  0.466107  0.119801  0.115281  0.110732  0.106147  0.101499  
16 19.000000  0.025692  0.006852  0.565836  0.061150  0.484096  0.124290  0.119458  0.114592  0.109687  0.104717  
17 20.000000  0.024880  0.007031  0.563779  0.063698  0.501576  0.128645  0.123502  0.118323  0.113100  0.107813  
18 21.000000  0.024138  0.007204  0.561753  0.066186  0.518544  0.132866  0.127415  0.121925  0.116389  0.110789  
19 22.000000  0.023456  0.007369  0.559734  0.068614  0.534999  0.136953  0.131198  0.125401  0.119557  0.113648  
20 23.000000  0.022826  0.007526  0.557702  0.070980  0.550942  0.140908  0.134852  0.128753  0.122605  0.116394  
21 24.000000  0.022243  0.007677  0.555644  0.073284  0.566379  0.144731  0.138381  0.131983  0.125537  0.119030  
22 25.000000  0.021701  0.007820  0.553554  0.075525  0.581315  0.148427  0.141786  0.135096  0.128358  0.121559  
23 26.000000  0.021195  0.007956  0.551424  0.077704  0.595760  0.151996  0.145070  0.138094  0.131070  0.123987  
24 27.000000  0.020722  0.008086  0.549253  0.079820  0.609723  0.155442  0.148237  0.140981  0.133677  0.126316  
25 28.000000  0.020278  0.008209  0.547038  0.081875  0.623216  0.158769  0.151290  0.143761  0.136182  0.128551  
26 29.000000  0.019861  0.008326  0.544781  0.083869  0.636248  0.161979  0.154233  0.146436  0.138591  0.130695  
27 30.000000  0.019468  0.008437  0.542482  0.085804  0.648834  0.165076  0.157070  0.149011  0.140905  0.132752  
