(77666, 86903): 0.0
(77665, 86903): 0.0
(77664, 86903): 0.0
(77664, 86904): 0.0
(77663, 86904): 0.0
(77662, 86904): 0.0
(77661, 86904): 0.0
(77660, 86904): 0.0
(77660, 86905): 0.0
(77659, 86905): 0.0
(77658, 86905): 0.021784578161281706
(77657, 86905): 0.0218181315442695
(77656, 86905): 0.02133160272003763
(77656, 86906): 0.021780002696162423
(77655, 86906): 0.021836433368830715
(77654, 86906): 0.02132702716555166
(77653, 86906): 0.020957929511888015
(77652, 86906): 0.020341737281997594
(77651, 86906): 0.020970131179048654
(77650, 86906): 0.020239545480318363
(77650, 86907): 0.018927793021418195
(77649, 86907): 0.018296297980858838
(77648, 86907): 0.01762970405928421
(77647, 86907): 0.018453410449226115
(77646, 86907): 0.01852967830973586
(77645, 86907): 0.017516823887130224
(77644, 86907): 0.017014959378596525
(77643, 86907): 0.017018010252825014
(77642, 86907): 0.016998179564678997
(77642, 86906): 0.01620494124109403
(77641, 86906): 0.016697666739877444
(77640, 86906): 0.01697987430221495
(77639, 86906): 0.016281215058929245
(77638, 86906): 0.015982220617052182
(77637, 86906): 0.015796110385364496
(77637, 86905): 0.015944083364271215
(77636, 86905): 0.015481856205395076
(77635, 86905): 0.015027250103055417
(77634, 86905): 0.014685528664609331
(77634, 86904): 0.014264474326726298
(77633, 86904): 0.01492046252682198
(77632, 86904): 0.015117256508357395
(77632, 86903): 0.015446769382730022
(77631, 86903): 0.014264474326726298
(77630, 86902): 0.014389570715629395
(77629, 86902): 0.014473476578017716
(77629, 86901): 0.014723667389518526
(77628, 86901): 0.014327022577232958
(77628, 86900): 0.013777814651424296
(77627, 86900): 0.014915885908789516
(77626, 86899): 0.01421870724341502
(77625, 86898): 0.014255320914838826
(77625, 86897): 0.015153869213391014
(77624, 86897): 0.014500936634228596
(77624, 86896): 0.014563484458333293
(77623, 86896): 0.014818251242211247
(77623, 86895): 0.01461535329922525
(77622, 86895): 0.015073016102372747
(77622, 86894): 0.015655764240261317
(77622, 86893): 0.016638173993862065
(77621, 86893): 0.016755633917168156
(77621, 86892): 0.016537493694029137
(77621, 86891): 0.016317826424250486
(77620, 86891): 0.016545121001235102
(77620, 86890): 0.015904420572176718
(77620, 86889): 0.01615154945635878
(77619, 86889): 0.01593187943357976
(77619, 86888): 0.015646611209313595
(77619, 86887): 0.01568017230995877
(77618, 86886): 0.014464323221094462
(77618, 86885): 0.014241590792528864
(77618, 86884): 0.01352151475460171
(77618, 86883): 0.012481041328875064
(77617, 86883): 0.01248409261120421
(77617, 86882): 0.01153513288515175
(77617, 86881): 0.01008114040632037
(77617, 86880): 0.009504413506519096
(77617, 86879): 0.008376879248726453
(77617, 86878): 0.006581020713372912
(77616, 86878): 0.0050704521521173235
(77616, 86877): 0.0038299373282012694
(77616, 86876): 0.002183529244626915
(77616, 86875): 0.00032806395307435047
(77616, 86874): -0.0008514402239367811
(77616, 86873): -0.0024368237898937392
(77616, 86872): -0.004161047761942043
(77616, 86871): -0.006137007914007595
(77616, 86870): -0.007818444202928739
(77616, 86869): -0.009388457057779551
(77615, 86869): -0.010673117653118182
(77615, 86868): -0.01216675801448888
(77615, 86867): -0.013663395276303631
(77615, 86866): -0.015137088395288203
(77615, 86865): -0.016645801275583638
(77615, 86864): -0.018149862245362653
(77615, 86863): -0.019345730742926448
(77615, 86862): -0.019426571935331385
(77615, 86861): -0.02082218554460011
(77615, 86860): -0.021993523426631013
(77615, 86859): -0.023552162759006675
(77615, 86858): -0.025659650130752543
(77615, 86857): -0.02696184866183928
(77615, 86856): -0.028468259032396994
(77615, 86855): -0.030076681921425687
(77615, 86854): -0.031360259805749205
(77614, 86854): -0.03309795509835419
(77614, 86853): -0.034628181156434824
(77614, 86852): -0.03628015524366586
(77614, 86851): -0.03763938059037587
(77614, 86850): -0.03932298084111655
(77614, 86849): -0.040777858763758175
(77614, 86848): -0.04239858714752261
(77614, 86847): -0.04391553337250266
(77614, 86846): -0.045462731972423516
(77614, 86845): -0.04429473860398926
(77614, 86844): -0.046313903366359245
(77614, 86843): -0.04912426472848158
(77614, 86842): -0.05091877782629348
(77614, 86841): -0.05191711024976255
(77614, 86840): -0.05331703567512195
(77614, 86839): -0.0540093131393919
(77614, 86838): -0.055124455272808744
(77614, 86837): -0.055626452803083724
(77613, 86837): -0.05627292339408341
(77613, 86836): -0.05712619239498823
(77613, 86835): -0.05777407372831239
(77613, 86834): -0.05833218610680157
(77613, 86833): -0.05867433513005821
(77613, 86832): -0.059572980855042326
(77613, 86831): -0.06035142522254668
(77613, 86830): -0.060886563305345524
(77613, 86829): -0.061132836732513206
(77613, 86828): -0.06101882217815404
(77613, 86827): -0.061068988777936296
(77613, 86826): -0.06397659722712909
(77613, 86825): -0.06376232476815764
(77613, 86824): -0.06355412534435585
(77613, 86823): -0.06337935514444905
(77613, 86822): -0.06394012573410994
(77613, 86821): -0.06380031676707316
(77613, 86820): -0.06378663966870393
(77613, 86819): -0.06382463154959855
(77613, 86818): -0.06187161234880264
(77613, 86817): -0.060941291373717045
(77613, 86816): -0.06057947126868513
(77613, 86815): -0.060387913012887526
(77613, 86814): -0.06018114674178751
(77613, 86813): -0.0599774161120401
(77613, 86812): -0.059912038807890755
(77613, 86811): -0.05955169424722755
(77613, 86810): -0.059334263661897896
(77613, 86809): -0.05944526039805371
(77612, 86809): -0.05998805888042553
(77612, 86808): -0.06003519097683784
(77612, 86807): -0.060089924689140616
(77612, 86806): -0.059858824344547895
(77612, 86805): -0.06016746349778166
(77612, 86804): -0.05964292218576677
(77612, 86803): -0.05947414971911477
(77612, 86802): -0.059547132824236904
(77612, 86801): -0.05941637097765008
(77612, 86800): -0.05931601748291915
(77612, 86799): -0.06140798529704267
(77612, 86798): -0.06255864340329907
(77612, 86797): -0.06275774978724996
(77612, 86796): -0.06268935502551058
(77612, 86795): -0.06288389858289409
(77612, 86794): -0.06313315054845921
(77612, 86793): -0.06273039195306786
(77612, 86792): -0.06267567600266928
(77612, 86791): -0.06249480671655254
(77612, 86790): -0.06229873370629143
(77612, 86789): -0.06179864985220392
(77612, 86788): -0.061289414126530745
(77612, 86787): -0.06040919748291265
(77612, 86786): -0.05841430312239385
(77612, 86785): -0.05644175856893845
(77612, 86784): -0.0553952331692056
(77612, 86783): -0.05417971197828051
(77612, 86782): -0.0525455805557106
(77612, 86781): -0.051541225793240435
(77612, 86780): -0.05027193798287396
(77612, 86779): -0.048876143167770406
(77612, 86778): -0.047161962634881045
(77612, 86777): -0.04594542588910142
(77611, 86777): -0.044597789047507747
(77611, 86776): -0.04305047190564191
(77611, 86775): -0.04050365395766765
(77611, 86774): -0.0386663265666718
(77611, 86773): -0.037447390714115056
(77611, 86772): -0.03619177042207388
(77611, 86771): -0.0351143448608385
(77611, 86770): -0.03414657337787253
(77611, 86769): -0.03359788699052078
(77611, 86768): -0.03295925153835606
(77611, 86767): -0.033663425601989726
(77611, 86766): -0.03420906136246244
(77610, 86766): -0.034189248127968565
(77610, 86765): -0.03384327425718499
(77610, 86764): -0.0331284392266744
(77610, 86763): -0.03187854010703346
(77610, 86762): -0.031460868485258385
(77610, 86761): -0.03126727243112353
(77610, 86760): -0.03125812610273612
(77610, 86759): -0.030927330388653484
(77610, 86758): -0.030575185577181366
(77610, 86757): -0.030244375964017873
(77610, 86756): -0.03105842996488898
(77610, 86755): -0.02483010095293847
(77609, 86755): -0.018909489027380853
(77609, 86754): -0.014734346224821653
(77609, 86753): -0.011525978828888016
(77609, 86752): -0.009022277155765117
(77609, 86751): -0.006866347167499665
(77609, 86750): -0.005325267043434542
(77609, 86749): -0.004197668216029815
(77609, 86748): -0.003031912096409743
(77609, 86747): -0.0021408048349942127
(77609, 86746): -0.0012054437520625425
(77609, 86745): -0.0009902950864338228
(77609, 86744): -0.000534057566413309
(77609, 86743): -0.00015258788944076213
(77609, 86742): 0.00035400389146222357
(77609, 86741): 0.0007919309867892982
(77609, 86740): 0.0007064818160548027
(77609, 86739): 0.000534057566413309
(77609, 86738): 0.00033264158929352153
(77609, 86737): 0.00039978025213930566
(77609, 86736): -0.0059996838697185485
(77608, 86736): -0.01130475521867135
(77608, 86735): -0.015011994755950228
(77608, 86734): -0.01718123156069975
(77608, 86733): -0.019084901780604333
(77608, 86732): -0.02022581819111879
(77608, 86731): -0.021093672706707797
(77608, 86730): -0.021767801451385866
(77608, 86729): -0.022136886221398748
(77608, 86728): -0.022225343662398946
(77608, 86727): -0.022481563247581004
(77608, 86726): -0.022612722133004998
(77608, 86725): -0.02328833047679821
(77608, 86724): -0.023099223259953523
(77608, 86723): -0.02292689024390789
(77608, 86722): -0.022219243160378953
(77608, 86721): -0.021061643483443252
(77608, 86720): -0.02041037332829962
(77608, 86719): -0.019679771003017727
(77608, 86718): -0.01926031335922219
(77608, 86717): -0.018927793021418195
(77608, 86716): -0.01859831919989007
(77608, 86715): -0.018357312639397553
(77608, 86714): -0.018357312639397553
(77608, 86713): -0.018352736544743144
(77607, 86713): -0.018631876904658746
(77607, 86712): -0.018384769191170103
(77607, 86711): -0.017979019570478733
(77607, 86710): -0.017869191581727048
(77607, 86709): -0.01779444728712089
(77607, 86708): -0.01749241730462283
(77607, 86707): -0.017635805677437125
(77607, 86706): -0.017580891066836943
(77607, 86705): -0.017408519518473074
(77607, 86704): -0.017355129890509004
(77607, 86703): -0.01764038189018999
(77607, 86702): -0.01801562880379831
(77607, 86701): -0.01779902347414624
(77607, 86700): -0.01779902347414624
(77607, 86699): -0.01762512784480795
(77607, 86698): -0.01740546868526031
(77607, 86697): -0.017059197023876517
(77607, 86696): -0.016921907562724672
(77607, 86695): -0.016699192193350906
(77607, 86694): -0.016240027220771953
(77607, 86693): -0.015590167460590955
(77607, 86692): -0.014932666838518769
(77607, 86691): -0.014860966443713632
(77607, 86690): -0.014630608825709112
(77607, 86689): -0.014427709769177515
(77607, 86688): -0.014432286452784715
(77607, 86687): -0.013924270924729112
(77607, 86686): -0.01368780477311938
(77607, 86685): -0.013494053945406259
(77607, 86684): -0.013243854529291967
(77606, 86684): -0.012960089771743408
(77606, 86683): -0.012737348228707741
(77606, 86682): -0.012642758970640185
(77606, 86681): -0.012387977106457067
(77606, 86680): -0.012313220444424006
(77606, 86679): -0.012465784913744228
(77606, 86678): -0.01237424630133773
(77606, 86677): -0.012863975426744821
(77606, 86676): -0.013101972414283469
(77606, 86675): -0.013233175248799313
(77606, 86674): -0.013474221126104989
(77606, 86673): -0.014095135821465599
(77606, 86672): -0.014313292483049902
(77606, 86671): -0.014726718485662215
(77606, 86670): -0.014395672967013284
(77606, 86669): -0.014667222061470116
(77606, 86668): -0.014967754209854137
(77606, 86667): -0.015271334700596688
(77606, 86666): -0.01576254940707317
(77606, 86665): -0.015362865957074315
(77606, 86664): -0.015416259071231222
(77606, 86663): -0.015481856205395076
(77606, 86662): -0.015638983681520918
(77606, 86661): -0.015634407163971718
(77606, 86660): -0.015368968031703062
(77606, 86659): -0.01532167692342577
(77606, 86658): -0.015600846015277153
(77606, 86657): -0.015120307568659655
(77606, 86656): -0.014764857164303705
(77605, 86656): -0.014427709769177515
(77605, 86655): -0.014359059442642983
(77605, 86654): -0.014124121749350748
(77605, 86653): -0.014240065223051742
(77605, 86652): -0.014157684373035577
(77605, 86651): -0.014775535986630416
(77605, 86650): -0.015127935218183484
(77605, 86649): -0.015298794104479863
(77605, 86648): -0.015127935218183484
(77605, 86647): -0.014984535113556201
(77605, 86646): -0.015233196601448517
(77605, 86645): -0.015163022383304765
(77605, 86644): -0.015338457647122137
(77605, 86643): -0.015692376337802596
(77605, 86642): -0.016121039823713632
(77605, 86641): -0.016481051560955275
(77605, 86640): -0.016729701246488378
(77605, 86639): -0.01695089094671053
(77605, 86638): -0.017092756572313683
(77605, 86637): -0.017567162397604363
(77604, 86637): -0.01840459890576736
(77604, 86636): -0.018519000822222763
(77604, 86635): -0.01909557904081073
(77604, 86634): -0.019327427041572302
(77604, 86633): -0.01895829964995328
(77604, 86632): -0.018241384671674146
(77604, 86631): -0.017681567771691567
(77604, 86630): -0.017516823887130224
(77604, 86629): -0.017911902517617238
(77604, 86628): -0.017922580241383754
(77604, 86627): -0.018056814133549686
(77604, 86626): -0.019119984190641405
(77604, 86625): -0.019507412873788287
(77604, 86624): -0.01859221779451995
(77604, 86623): -0.01929539553304421
(77603, 86623): -0.019328952350513344
(77603, 86622): -0.018677637343511962
(77603, 86621): -0.018738651140256274
(77603, 86620): -0.01838019310113205
(77602, 86620): -0.01730631642977142
(77602, 86619): -0.016165278781241653
(77602, 86618): -0.015600846015277153
(77601, 86618): -0.015172175550677592
(77601, 86617): -0.014551280013782765
(77601, 86616): -0.014612302193111847
(77600, 86616): -0.014975381894400739
(77600, 86615): -0.015548978716371491
(77599, 86614): -0.0152881154501536
(77599, 86613): -0.01592730295834667
(77598, 86613): -0.016543595539947897
(77598, 86612): -0.016776990217276706
(77597, 86612): -0.01584492629024153
(77597, 86611): -0.015646611209313595
(77596, 86611): -0.015478805178849352
(77596, 86610): -0.01490673267085012
(77595, 86610): -0.014835032220688072
(77595, 86609): -0.014571112233974346
(77594, 86609): -0.014490257726076455
(77593, 86608): -0.014542126677524768
(77592, 86608): -0.014830455591022664
(77592, 86607): -0.015350661804384757
(77591, 86607): -0.015454396956113125
(77590, 86607): -0.01541473355490234
(77590, 86606): -0.015648136714653666
(77589, 86606): -0.015379646659548841
(77589, 86605): -0.015413208038501705
(77588, 86605): -0.015245400798002962
(77587, 86605): -0.015611524566405088
(77587, 86604): -0.014003601157079631
(77586, 86604): -0.013802224071526108
(77585, 86604): -0.014101238124043047
(77585, 86603): -0.014299562383469923
(77584, 86603): -0.013555077938140505
(77583, 86603): -0.014026484845236968
(77583, 86602): -0.013433029852163986
(77582, 86602): -0.01334912156067952
(77581, 86602): -0.013620678617712665
(77581, 86601): -0.013007384044185612
(77580, 86601): -0.012583259160023744
(77579, 86601): -0.012153027134821887
(77578, 86601): -0.011335268886356987
(77577, 86601): -0.01061361511682265
(77577, 86600): -0.00915501765497867
(77576, 86600): -0.00773757751336763
(77575, 86600): -0.0066267950842008455
(77574, 86600): -0.004931600644642586
(77573, 86600): -0.0034561019619583685
(77572, 86600): -0.0014251699335447287
(77571, 86600): -0.00010833740191989823
(77571, 86601): 0.0016113267304630322
(77570, 86601): 0.003689558453429761
(77569, 86601): 0.004751551154771869
(77568, 86601): 0.006286538276595749
(77568, 86602): 0.0074110581635582875
(77567, 86602): 0.009135182888128823
(77566, 86602): 0.011101838795792258
(77566, 86603): 0.01231016914916696
(77565, 86603): 0.014543652233737043
(77565, 86604): 0.014973856357630806
(77564, 86604): 0.016931060213373147
(77564, 86605): 0.018282569663895618
(77563, 86605): 0.018081220225983734
(77563, 86606): 0.01883017157360816
(77562, 86606): 0.019688922729487367
(77562, 86607): 0.019499786381037533
(77561, 86607): 0.01938386341242811
(77561, 86608): 0.020134302735210132
(77561, 86609): 0.020323434303917254
(77560, 86609): 0.019220655192592945
(77560, 86610): 0.019632487030436213
(77559, 86610): 0.019243534911497277
(77559, 86611): 0.019968048795070855
(77559, 86612): 0.019124560153699597
(77559, 86613): 0.01936708504478674
(77558, 86613): 0.019441824962056518
(77558, 86614): 0.019460128582183215
(77558, 86615): 0.02003363534418856
(77558, 86616): 0.018328330693608102
(77557, 86616): 0.019393015244723463
(77557, 86617): 0.018644079695991432
(77557, 86618): 0.01845951188597975
(77557, 86619): 0.019832299345899435
(77556, 86619): 0.019611132949510886
(77556, 86620): 0.018345109718610954
(77556, 86621): 0.01895829964995328
(77556, 86622): 0.01926031335922219
(77556, 86623): 0.019573000617666224
(77555, 86623): 0.019527241744316668
(77555, 86624): 0.020465282026895435
(77555, 86625): 0.020623906461710882
(77555, 86626): 0.020802357709739743
(77555, 86627): 0.020634583069166806
(77555, 86628): 0.02096708076284382
(77554, 86628): 0.020671188544710214
(77554, 86629): 0.019501311679769203
(77554, 86630): 0.019182522283040182
(77554, 86631): 0.01840002281906763
(77554, 86632): 0.01888508368228746
(77554, 86633): 0.01820935185715162
(77554, 86634): 0.017243774062692264
(77554, 86635): 0.01625223103042156
(77554, 86636): 0.015066913972774711
(77554, 86637): 0.014211079390399787
(77554, 86638): 0.014444490939447378
(77553, 86638): 0.013860196378292769
(77553, 86639): 0.01316452265937529
(77553, 86640): 0.012139296250572074
(77553, 86641): 0.011030131268964837
(77553, 86642): 0.010647180659385021
(77553, 86643): 0.010219981080289502
(77553, 86644): 0.009907207585624762
(77553, 86645): 0.009527299617614449
(77553, 86646): 0.009339633214174919
(77553, 86647): 0.009194687167051675
(77553, 86648): 0.009475424418174736
(77553, 86649): 0.00901159687183066
(77554, 86649): 0.008816299891274044
(77554, 86650): 0.008630156830470574
(77554, 86651): 0.008608796112865013
(77554, 86652): 0.008665249420858787
(77554, 86653): 0.008918525739360675
(77554, 86654): 0.009104667848175528
(77554, 86655): 0.00901769989147368
(77554, 86656): 0.008936834826859717
(77554, 86657): 0.008808671089225513
(77554, 86658): 0.008660672127668847
(77554, 86659): 0.008653043304879223
(77554, 86660): 0.008932257555546209
(77554, 86661): 0.008578280788376573
(77554, 86662): 0.008462322410099983
(77554, 86663): 0.008299064834594127
(77554, 86664): 0.008225827647112055
(77554, 86665): 0.007734525938188502
(77554, 86666): 0.007603308069964971
(77554, 86667): 0.007613988603972305
(77554, 86668): 0.007530070075883271
(77554, 86669): 0.007589575952264061
(77554, 86670): 0.00757126645754445
(77554, 86671): 0.007498028428024295
(77554, 86672): 0.007588050161231619
(77554, 86673): 0.007633823876803895
(77554, 86674): 0.007642978616085701
(77555, 86674): 0.007774196404260399
(77555, 86675): 0.007972548365077648
(77555, 86676): 0.008071724111206354
(77555, 86677): 0.008096136578282625
(77555, 86678): 0.008086981904258354
(77555, 86679): 0.008154116148858763
(77555, 86680): 0.008259394702375918
(77555, 86681): 0.008154116148858763
(77555, 86682): 0.008177002806384627
(77555, 86683): 0.00812970370474944
(77555, 86684): 0.008364673072802007
(77555, 86685): 0.00848826048826874
(77555, 86686): 0.008418075074021137
(77555, 86687): 0.008296013286887753
(77555, 86688): 0.008236508075801284
(77555, 86689): 0.00820599256028345
(77555, 86690): 0.00826854935058436
(77555, 86691): 0.008476054335257038
(77555, 86692): 0.008479105873746897
(77555, 86693): 0.008622528003657391
(77555, 86694): 0.008752217922257945
(77555, 86695): 0.00901769989147368
(77555, 86696): 0.009330478738534775
(77555, 86697): 0.009879744453604603
(77555, 86698): 0.010200146722293286
(77555, 86699): 0.010001802703486672
(77555, 86700): 0.010622769358078361
(77555, 86701): 0.011312383637568629
(77555, 86702): 0.012040128617614563
(77555, 86703): 0.012445951565399222
(77555, 86704): 0.012848719159602775
(77555, 86705): 0.013248431362864159
(77555, 86706): 0.01363440897768851
(77555, 86707): 0.0137076374772725
(77556, 86707): 0.013638985763204912
(77556, 86708): 0.01363440897768851
(77556, 86709): 0.013272841132536607
(77556, 86710): 0.012676322926906645
(77556, 86711): 0.012189642803735771
(77556, 86712): 0.01160531391883202
(77556, 86713): 0.01111404432092283
(77556, 86714): 0.010416798502085552
(77556, 86715): 0.009817189486211372
(77556, 86716): 0.009112296609755736
(77556, 86717): 0.008662197892105828
(77556, 86718): 0.008492837794996214
(77556, 86719): 0.007790980055624105
(77556, 86720): 0.007072330813817998
(77556, 86721): 0.006210247309981176
(77556, 86722): 0.006011890460672428
(77556, 86723): 0.005950857488060025
(77556, 86724): 0.005865411252022164
(77556, 86725): 0.006071397565849396
(77556, 86726): 0.006735127650844105
(77556, 86727): 0.00762161755577127
(77557, 86728): 0.008401291593083072
(77557, 86729): 0.009325901500128138
(77557, 86730): 0.010203198162507792
(77557, 86731): 0.011017925721165688
(77557, 86732): 0.01159005718208121
(77557, 86733): 0.01201266676961036
(77557, 86734): 0.012461207988073006
(77557, 86735): 0.01274650201580604
(77557, 86736): 0.013193509323417856
(77557, 86737): 0.013823582300623433
(77557, 86738): 0.014684003114723542
(77557, 86739): 0.015484907231652544
(77557, 86740): 0.016310199060079696
(77557, 86741): 0.017217841822113153
(77557, 86742): 0.017991222653612048
(77557, 86743): 0.01859374314599229
(77557, 86744): 0.019177946330142293
(77557, 86745): 0.01958672826369426
(77557, 86746): 0.019801793750928907
(77557, 86747): 0.01990246207414093
(77557, 86748): 0.01976366170538856
(77557, 86749): 0.018991856900578082
(77557, 86750): 0.019425046632161526
(77557, 86751): 0.019777389248410836
(77557, 86752): 0.020474433464671052
(77557, 86753): 0.021224839549676713
(77557, 86754): 0.022129260563691196
(77557, 86755): 0.02257459463005491
(77557, 86756): 0.02208655683298496
(77557, 86757): 0.02265389976233107
(77558, 86757): 0.02306719687375491
(77558, 86758): 0.023401183990741356
(77558, 86759): 0.023948667524001568
(77558, 86760): 0.02289181344516205
(77558, 86761): 0.023568938111537475
(77558, 86762): 0.023858692098873594
(77558, 86763): 0.023074822208097444
(77559, 86763): 0.02433753988247442
(77559, 86764): 0.02465015742619814
(77559, 86765): 0.02404931753992121
(77560, 86766): 0.025522410946718848
(77560, 86767): 0.027408600845034783
(77561, 86767): 0.027375056690286666
(77561, 86768): 0.02697252204842104
(77561, 86769): 0.027872113724866476
(77562, 86769): 0.028692380061111022
(77562, 86770): 0.02949583771683358
(77562, 86771): 0.03085415806944264
(77563, 86771): 0.03202182635573657
(77563, 86772): 0.031328247819899055
(77563, 86773): 0.03225352048292041
(77563, 86774): 0.03342565624126819
(77564, 86774): 0.03447120316031911
(77564, 86775): 0.034539785989498334
(77564, 86776): 0.035528866323386324
(77564, 86777): 0.03679826171290553
(77564, 86778): 0.036539210931472
(77564, 86779): 0.03727520696752357
(77565, 86779): 0.037505292714351865
(77565, 86780): 0.038075156810801106
(77565, 86781): 0.03863280735127913
(77565, 86782): 0.03666873693764969
(77566, 86782): 0.038140674366095466
(77566, 86783): 0.03880802047040704
(77566, 86784): 0.03852920195491217
(77567, 86784): 0.039121874525473374
(77567, 86785): 0.037797846334059367
(77567, 86786): 0.03963377524550231
(77568, 86786): 0.04265904078789041
(77568, 86787): 0.0426666563044413
(77568, 86788): 0.04423534585264527
(77569, 86788): 0.04330024985169567
(77569, 86789): 0.04367795256438709
(77570, 86789): 0.0454063909179568
(77570, 86790): 0.04498610802881011
(77571, 86790): 0.04450794077340053
(77571, 86791): 0.04676154088053545
(77572, 86792): 0.04626365717649384
(77572, 86793): 0.04660928531821084
(77573, 86793): 0.04836313658192469
(77573, 86794): 0.047519741136918384
(77574, 86794): 0.04989294633781218
(77574, 86795): 0.04945914312027586
(77575, 86795): 0.05046066739378696
(77575, 86796): 0.0511501078688871
(77576, 86796): 0.050518503106589514
(77576, 86797): 0.052776871543436576
(77577, 86797): 0.04979553250892405
(77577, 86798): 0.04967071965861434
(77578, 86798): 0.04914253110759231
(77578, 86799): 0.04933737044020037
(77579, 86799): 0.04896595473652177
(77579, 86800): 0.048244395511959644
(77580, 86800): 0.049195807859158405
(77580, 86801): 0.04731268782248012
(77581, 86801): 0.0482550518174883
(77581, 86802): 0.04743752927857198
(77582, 86802): 0.045975879047832915
(77582, 86803): 0.046399169092294065
(77583, 86803): 0.04461758602803381
(77584, 86803): 0.04396274435336073
(77584, 86804): 0.043537838491125296
(77585, 86804): 0.04319363797324351
(77585, 86805): 0.04085250234472952
(77586, 86805): 0.040261434641714326
(77587, 86805): 0.04020049821946976
(77587, 86806): 0.03844692649168422
(77588, 86806): 0.038806496888326145
(77589, 86806): 0.03649044788169068
(77589, 86807): 0.03816505290772404
(77590, 86807): 0.0
(77591, 86807): 0.0
(77591, 86808): 0.0
(77592, 86808): 0.0
(77593, 86808): 0.0
(77594, 86808): 0.0
(77595, 86808): 0.0
(77596, 86809): 0.0
(77597, 86809): 0.0
(77598, 86809): 0.0
